[
    {
        "id" : 1,
        "graphic" : "girder",
        "collision" : [[28,-95,28,95],[28,95,-25,95],[-25,95,-25,-95],[-25,-95,28,-95]]
    },
    {
        "id" : 2,
        "graphic" : "girderboxlarge",
        "collision" : [[-50,-50,50,-50],[50,-50,50,50],[50,50,-50,50],[-50,50,-50,-50]]
    },
    {
        "id" : 3,
        "graphic" : "girderboxmedium",
        "collision" : [[-28,-28,28,-28],[28,-28,28,28],[28,28,-28,28],[-28,28,-28,-28]]
    },
    {
        "id" : 4,
        "graphic" : "girderboxsmall",
        "collision" : [[-14,-14,14,-14],[14,-14,14,14],[14,14,-14,14],[-14,14,-14,-14]]
    },
    {
        "id" : 5,
        "graphic" : "girderwedgelarge",
        "collision" : [[-64,-64,64,-65],[64,-65,64,-6],[64,-6,-8,65],[-8,65,-64,65],[-64,65,-64,-64]]
    },
	{
        "id" : 6,
        "graphic" : "crystalarrow",
        "collision" : [[-36,-37,-14,-45],[-14,-45,40,5],[40,5,-13,54],[-13,54,-35,44],[-35,44,-21,4],[-21,4,-36,-37]]
    },
	{
        "id" : 7,
        "graphic" : "crystalbigball",
        "collision" : [[-97,0,-86,-42],[-86,-42,-67,-66],[-67,-66,-43,-83],[-43,-83,0,-94],[0,-94,42,-84],[42,-84,66,-65],[66,-65,84,-42],[84,-42,94,0],[-97,0,-86,42],[-86,42,-67,66],[-67,66,-43,83],[-43,83,0,94],[0,94,42,84],[42,84,66,65],[66,65,84,42],[84,42,94,0]]
    },
	{
        "id" : 8,
        "graphic" : "crystalsmallwall",
        "collision" : [[0,-35,20,-17],[20,-17,20,12],[20,12,0,33],[0,33,-21,14],[-21,14,-21,-15],[-21,-15,0,-35]]
    },
	{
        "id" : 9,
        "graphic" : "crystalspikeball",
        "collision" : [[-28,-62,15,-56],[15,-56,43,-37],[43,-37,58,-10],[58,-10,54,29],[54,29,18,63],[18,63,-23,41],[-23,41,-48,6],[-48,6,-59,-20],[-59,-20,-28,-62]]
    },
	{
        "id" : 10,
        "graphic" : "crystalwall",
        "collision" : [[0,-100,34,-69],[34,-69,26,0],[26,0,34,70],[34,70,0,100],[0,100,-33,71],[-33,71,-25,0],[-25,0,-34,-67],[-34,-67,0,-100]]
    },
	{
        "id" : 11,
        "graphic" : "girderdiag",
        "collision" : [[-86,45,45,-86],[45,-86,84,-51],[84,-51,-49,81],[-49,81,-86,45]]
    },
	{
        "id" : 12,
        "graphic" : "girderdirt1",
        "collision" : []
    },
	{
        "id" : 13,
        "graphic" : "girderdirt2",
        "collision" : []
    },
	{
        "id" : 14,
        "graphic" : "digitalbent",
        "collision" : [[-21,-86,-13,-73],[-13,-73,-17,-58],[-17,-58,-17,8],[-17,8,29,58],[29,58,43,62],[43,62,47,77],[47,77,39,85],[39,85,24,83],[24,83,18,67],[18,67,-33,15],[-33,15,-33,-60],[-33,-60,-42,-73],[-42,-73,-33,-86],[-33,-86,-21,-86]]
    },
	{
        "id" : 15,
        "graphic" : "digitalflower",
        "collision" : [[0,-73,73,0],[73,0,0,73],[0,73,-73,0],[-73,0,0,-73]]
    },
	{
        "id" : 16,
        "graphic" : "digitalloop",
        "collision" : [[27,-50,48,-20],[48,-20,48,20],[48,20,27,50],[27,50,-27,50],[-27,50,-48,20],[-48,20,-48,-20],[-48,-20,-27,-50],[-27,-50,27,-50]]
    },
	{
        "id" : 17,
        "graphic" : "digitalmarker",
        "collision" : []
    },
	{
        "id" : 18,
        "graphic" : "digitaltriangle",
        "collision" : [[-32,-56,55,-5],[55,-5,55,12],[55,12,-36,53],[-36,53,-46,-47],[-46,-47,-32,-56]]
    },
	{
        "id" : 19,
        "graphic" : "digitalwall",
        "collision" : [[-11,-59,11,-59],[11,-59,11,59],[11,59,-11,59],[-11,59,-11,-59]]
    },
	{
        "id" : 20,
        "graphic" : "girderdrum",
        "collision" : [[0,-72,39,-59],[39,-59,58,-14],[58,-14,45,28],[45,28,0,48],[0,48,-45,28],[-45,28,-58,-14],[-58,-14,-39,-59],[-39,-59,0,-72]]
    },
	{
        "id" : 21,
        "graphic" : "crystaldirt1",
        "collision" : []
    },
	{
        "id" : 22,
        "graphic" : "crystaldirt2",
        "collision" : []
    },
	{
        "id" : 23,
        "graphic" : "crystalwall2",
        "collision" : [[0,-100,34,-69],[34,-69,26,0],[26,0,34,70],[34,70,0,100],[0,100,-33,71],[-33,71,-25,0],[-25,0,-34,-67],[-34,-67,0,-100]]
    },
	{
        "id" : 24,
        "graphic" : "crystalwall3",
        "collision" : [[0,-100,34,-69],[34,-69,26,0],[26,0,34,70],[34,70,0,100],[0,100,-33,71],[-33,71,-25,0],[-25,0,-34,-67],[-34,-67,0,-100]]
    }
]